Website Used for Getting Image Co-ordinates

https://www.image-map.net/


pattern1 = {
    "X1":[376,646,370,649,369,639,377,644],
    "Y1":[266,236,554,540,850,828,1453,1424],
    "X2":[629,945,635,944,635,955,633,949],
    "Y2":[516,540,817,832,1116,1140,1695,1695]
}

pattern2 = {
    "X1":[658,897,658,888,673,887,139,276,145,280,133,275,684,896],
    "Y1":[319,229,582,561,843,829,767,771,894,904,1015,1024,1506,1486],
    "X2":[881,1136,896,1153,890,1149,271,387,270,389,275,396,887,1137],
    "Y2":[512,537,793,814,1066,1089,893,888,1020,1013,1158,1147,1695,1695]
}

"pattern3" : {

G1 : 
        "X1":[118,187,252,109,170,252,536,670,532,670,525,663,130,226,346,113,211,339,914,1016,917,1015,906,1007,880,965,1064,874,957,1057,128,359,619,126,347,603,907,1017,907,1016,899,1006,120,185,257,109,170,254,536,674,883,963,1064,875,955,1059],
        "Y1":[244,247,248,306,304,313,261,249,408,396,551,541,436,428,437,536,526,534,486,587,587,589,694,684,251,249,254,329,324,333,775,756,768,1002,980,991,880,874,997,989,1107,1098,1437,1438,1440,1494,1490,1502,1448,1441,1437,1435,1442,1520,1513,1524],
        "X2":[178,239,306,172,243,306,655,812,661,814,659,823,208,327,428,212,327,432,1003,1116,1007,1118,1007,1123,952,1040,1130,957,1049,1134,332,586,811,328,593,827,998,1121,1002,1124,1005,1135,173,240,303,172,242,306,655,811,953,1042,1130,956,1048,1132],
        "Y2":[303,300,302,371,376,367,380,390,531,542,684,697,507,524,517,633,642,631,573,684,682,684,792,801,323,321,319,411,417,409,967,983,964,1203,1225,1214,974,981,1092,1100,1214,1224,1491,1491,1488,1559,1564,1554,1566,1579,1509,1512,1507,1602,1608,1595]


G2 :
        "X1":[536,670,532,670,525,663],
        "Y1":[261,249,408,396,551,541],
        "X2":[655,812,661,814,659,823],
        "Y2":[380,390,531,542,684,697]
G3 :

        "X1":[130,226,346,113,211,339],
        "Y1":[436,428,437,536,526,534],
        "X2":[208,327,428,212,327,432],
        "Y2":[507,524,517,633,642,631]

G4 : 
        "X1":[914,1016,917,1015,906,1007],
        "Y1":[486,587,587,589,694,684],
        "X2":[1003,1116,1007,1118,1007,1123],
        "Y2":[573,684,682,684,792,801]

G5 : 
        "X1":[880,965,1064,874,957,1057],
        "Y1":[251,249,254,329,324,333],
        "X2":[952,1040,1130,957,1049,1134],
        "Y2":[323,321,319,411,417,409]

G6 : 
        "X1":[128,360,619,126,347,603],
        "Y1":[775,756,768,1002,980,991],
        "X2":[332,586,811,328,593,827],
        "Y2":[967,983,964,1203,1225,1214]

G7 : 
        "X1":[907,1017,907,1016,899,1006],
        "Y1":[880,874,997,989,1107,1098],
        "X2":[998,1121,1002,1124,1005,1135],
        "Y2":[974,981,1092,1100,1214,1224]

G8 : 
        "X1":[120,185,257,109,170,254],
        "Y1":[1437,1438,1440,1494,1490,1502],
        "X2":[173,240,303,172,242,306],
        "Y2":[1491,1491,1488,1559,1564,1554]

G9 : 
        "X1":[536,674],
        "Y1":[1448,1441],
        "X2":[655,811],
        "Y2":[1566,1579]

G10 : 
        "X1":[883,963,1064,875,955,1059],
        "Y1":[1437,1435,1442,1520,1513,1524],
        "X2":[953,1042,1130,956,1048,1132],
        "Y2":[1509,1512,1507,1602,1608,1595]

G11 : 
        "X1":[127],
        "Y1":[1617],
        "X2":[210],
        "Y2":[1693]

}

"pattern4" : {
    "X1":[227,640,225,877],
    "Y1":[419,380,855,329],
    "X2":[614,1086,609,958],
    "Y2":[784,821,1239,412]
},